QUBICC R2B5 models
==================

Cell 0 (Fold 1): 
[ 3.59503424e-03  1.07869346e-05  3.71857870e-06  2.54882297e+02
  5.56035638e+04  4.63840425e+00  9.42848802e-03  6.31558084e+03
 -2.87361135e-06  2.50136883e-01]
[2.08656252e-05 2.22855133e-09 3.68366191e-10 8.82459793e+02
 9.46890103e+08 8.49345424e+01 2.53174660e+01 3.17504427e+07
 6.91520486e-09 1.75149071e-01]
Cell 1 (Fold 2): 
[ 3.60451178e-03  1.06371446e-05  3.73792945e-06  2.54823043e+02
  5.53563125e+04  4.80185201e+00  2.08690253e-02  6.35512546e+03
 -3.51841227e-06  2.50654436e-01]
[2.10344167e-05 2.28944346e-09 3.60565660e-10 8.87054949e+02
 9.45197543e+08 8.35647159e+01 2.49623994e+01 3.17266073e+07
 6.90316790e-09 1.75488130e-01]
Cell 2 (Fold 3): 
[ 3.58226388e-03  1.05778655e-05  3.71113335e-06  2.54741565e+02
  5.54564057e+04  4.85465680e+00  5.44230394e-03  6.33356463e+03
 -2.60158522e-06  2.51302457e-01]
[2.07066260e-05 2.19884959e-09 3.61235306e-10 8.85283739e+02
 9.45017370e+08 8.47071822e+01 2.42872747e+01 3.16549178e+07
 6.91754456e-09 1.75729992e-01]
Region 0 (Fold 1): 
[ 3.40716495e-03  8.08379047e-06  2.78566030e-06  2.53083730e+02
  5.34468246e+04  4.97782378e+00  1.71901069e-02  6.85205515e+03
 -2.51531773e-06  3.80435489e-03  3.00698071e-03  8.36821309e-06
  7.37485999e-06  2.77871112e-06  2.77830628e-06  2.56101424e+02
  2.50184426e+02  5.69961657e+04  4.98437200e+04  4.77602816e+00
  5.11639062e+00  1.93619668e-02  1.20354393e-02  6.11056073e+03
  7.65646886e+03  2.86845174e+02]
[2.14322468e-05 1.69063281e-09 2.78457176e-10 9.58045536e+02
 1.01416023e+09 9.00190333e+01 2.60989958e+01 3.66517316e+07
 7.01235545e-09 2.40036259e-05 1.86294426e-05 2.01604486e-09
 1.26399326e-09 2.78019984e-10 2.78476012e-10 9.23727738e+02
 9.69590689e+02 9.98100066e+08 1.01045594e+09 8.78375345e+01
 9.32354543e+01 2.58896995e+01 2.62137862e+01 3.14076457e+07
 4.24380676e+07 2.32978802e+02]
Region 1 (Fold 2): 
[ 3.43643510e-03  7.97847972e-06  2.80708825e-06  2.53130001e+02
  5.33315000e+04  5.09058540e+00  2.30760203e-02  6.87489337e+03
 -2.77601503e-06  3.83642384e-03  3.03347535e-03  8.31951902e-06
  7.21681183e-06  2.80120257e-06  2.79915461e-06  2.56170507e+02
  2.50208755e+02  5.68812221e+04  4.97294327e+04  4.87458814e+00
  5.25327162e+00  2.90800554e-02  1.48735740e-02  6.13167834e+03
  7.68106558e+03  2.87197769e+02]
[2.16910207e-05 1.73940118e-09 2.73452651e-10 9.63861581e+02
 1.01424904e+09 8.72967160e+01 2.55199020e+01 3.66867162e+07
 7.00778673e-09 2.42848762e-05 1.88577680e-05 2.12490156e-09
 1.24953292e-09 2.73121504e-10 2.73449626e-10 9.29376707e+02
 9.75356716e+02 9.98198347e+08 1.01054228e+09 8.57447367e+01
 8.93810904e+01 2.53794076e+01 2.55444683e+01 3.14385698e+07
 4.24774746e+07 2.31963536e+02]
Region 2 (Fold 3): 
[ 3.41263902e-03  7.93922615e-06  2.78343441e-06  2.52995285e+02
  5.33758389e+04  5.17777331e+00  2.10204309e-02  6.86232697e+03
 -2.41056479e-06  3.81125084e-03  3.01124776e-03  8.27269855e-06
  7.19535995e-06  2.77749692e-06  2.77568803e-06  2.56022193e+02
  2.50084674e+02  5.69273612e+04  4.97714694e+04  4.95565841e+00
  5.34952501e+00  2.86906099e-02  1.15836877e-02  6.11993878e+03
  7.66764978e+03  2.87028199e+02]
[2.13574258e-05 1.67161259e-09 2.73507802e-10 9.62399724e+02
 1.01420507e+09 8.96530891e+01 2.49368518e+01 3.66381310e+07
 7.01356187e-09 2.39161767e-05 1.85645216e-05 2.03227245e-09
 1.21768482e-09 2.73145748e-10 2.73514345e-10 9.29101514e+02
 9.73138057e+02 9.98213690e+08 1.01043633e+09 8.74345980e+01
 9.26022343e+01 2.47190652e+01 2.50739444e+01 3.13968027e+07
 4.24214017e+07 2.31351167e+02]
Column 0 (Fold 1): 
[2.59973607e-06 2.64185957e-06 2.88876621e-06 3.44285382e-06
 6.24485357e-06 1.60843373e-05 4.20025914e-05 9.89456905e-05
 2.07557367e-04 3.90418468e-04 6.49948221e-04 9.84482108e-04
 1.38955580e-03 1.84827758e-03 2.36675527e-03 2.91119602e-03
 3.45899873e-03 4.09070861e-03 4.82286374e-03 5.63447868e-03
 6.50992918e-03 7.40110933e-03 8.33512327e-03 9.07630144e-03
 9.47933846e-03 9.69128802e-03 9.86871439e-03 0.00000000e+00
 5.13560633e-39 1.24296439e-33 8.38403008e-32 1.00599228e-30
 1.26765703e-29 2.49510954e-16 1.23649218e-08 5.57770523e-07
 2.00445869e-06 2.05233395e-06 3.40365956e-06 4.12583987e-06
 4.81599119e-06 6.08951532e-06 6.73693912e-06 7.83009715e-06
 1.01738458e-05 1.42109569e-05 1.89469248e-05 2.22041875e-05
 1.89580729e-05 1.18047399e-05 7.22478683e-06 5.95459042e-06
 7.54805492e-06 1.43329496e-05 6.01180104e-14 1.30464488e-10
 2.52372510e-08 6.12423572e-07 3.08322240e-06 6.64920610e-06
 8.88410520e-06 9.86874265e-06 9.80282552e-06 7.62132081e-06
 4.78819314e-06 2.51233898e-06 1.29532904e-06 7.83470010e-07
 5.15577100e-07 3.57565211e-07 2.62846577e-07 2.03281172e-07
 1.64792840e-07 1.39601372e-07 1.21381301e-07 1.06915976e-07
 9.66226616e-08 9.21813236e-08 9.38062967e-08 1.02342360e-07
 1.27181840e-07 2.11016611e+02 2.08070134e+02 2.05187293e+02
 2.03155325e+02 2.06033420e+02 2.12187441e+02 2.19145999e+02
 2.26210125e+02 2.33210225e+02 2.39953239e+02 2.46266003e+02
 2.52039750e+02 2.57104986e+02 2.61478207e+02 2.65334159e+02
 2.68807531e+02 2.71909138e+02 2.74549075e+02 2.76735163e+02
 2.78541963e+02 2.80122312e+02 2.81636656e+02 2.83158451e+02
 2.84578542e+02 2.85750508e+02 2.86492678e+02 2.86672082e+02
 4.78303626e+03 6.24881292e+03 8.05681595e+03 1.03367190e+04
 1.30441075e+04 1.61758015e+04 1.97030358e+04 2.35966186e+04
 2.78173813e+04 3.23143181e+04 3.70273598e+04 4.19541986e+04
 4.70115649e+04 5.20868580e+04 5.72252899e+04 6.23260134e+04
 6.72742871e+04 7.20744354e+04 7.66534983e+04 8.09328239e+04
 8.49281895e+04 8.85011096e+04 9.16397892e+04 9.42465552e+04
 9.63310661e+04 9.77613799e+04 9.86136883e+04 2.07846270e+04
 1.91533379e+04 1.76039570e+04 1.61343241e+04 1.47416309e+04
 1.34230528e+04 1.21768755e+04 1.10012045e+04 9.89431589e+03
 8.85470904e+03 7.88104656e+03 6.97198957e+03 6.12617573e+03
 5.34219082e+03 4.61855375e+03 3.95376869e+03 3.34630722e+03
 2.79466621e+03 2.29751422e+03 1.85383024e+03 1.46283456e+03
 1.12392294e+03 8.36787528e+02 6.01499264e+02 4.18685329e+02
 2.90341854e+02 2.20140508e+02 2.57186751e-01]
[2.06728735e-14 7.60964778e-14 3.92533558e-13 2.11341919e-12
 8.06903384e-12 7.78006991e-11 8.98729110e-10 7.09949883e-09
 3.85081816e-08 1.50063609e-07 4.03131314e-07 8.85905670e-07
 1.66097028e-06 2.68878509e-06 3.92682656e-06 5.11896156e-06
 6.37579749e-06 8.17934619e-06 1.04929723e-05 1.31673632e-05
 1.63588676e-05 2.04916301e-05 2.62386179e-05 3.12144472e-05
 3.36266043e-05 3.48521339e-05 3.60737141e-05 0.00000000e+00
 0.00000000e+00 0.00000000e+00 0.00000000e+00 0.00000000e+00
 0.00000000e+00 3.74476662e-24 3.79524176e-14 9.11578607e-12
 7.87875515e-11 1.00866316e-10 2.04197019e-10 2.67867441e-10
 3.18210592e-10 4.47991933e-10 5.82470491e-10 8.29230753e-10
 1.35968344e-09 2.39150972e-09 3.68347394e-09 4.51329215e-09
 3.60026722e-09 2.04522278e-09 1.26427716e-09 1.32512264e-09
 2.55413497e-09 8.90480347e-09 7.49459962e-21 6.83491352e-15
 6.73780841e-12 8.03776230e-11 3.81294355e-10 7.94819499e-10
 9.67980051e-10 1.06512937e-09 1.05060189e-09 7.10530994e-10
 3.27498621e-10 1.07230226e-10 3.68961387e-11 2.08615098e-11
 1.01001238e-11 4.56485584e-12 2.47493816e-12 1.61499164e-12
 1.17119808e-12 9.12750547e-13 7.49793350e-13 6.44354639e-13
 5.84265460e-13 5.56743153e-13 5.42418577e-13 5.40021587e-13
 6.12166187e-13 2.63406965e+01 3.13644239e+01 4.48100351e+01
 6.59605366e+01 3.93198299e+01 1.21894308e+01 1.16250064e+01
 3.23125767e+01 6.16587013e+01 8.70392062e+01 1.03256367e+02
 1.10669041e+02 1.12444431e+02 1.12687380e+02 1.13525561e+02
 1.17436528e+02 1.23934856e+02 1.30266396e+02 1.36735172e+02
 1.44564594e+02 1.54648153e+02 1.65123587e+02 1.75525667e+02
 1.87899386e+02 2.03249763e+02 2.18780537e+02 2.37453113e+02
 3.06960388e+04 5.62429146e+04 1.12519628e+05 2.45215292e+05
 5.02823035e+05 8.73784317e+05 1.30642786e+06 1.73439744e+06
 2.10075001e+06 2.38296482e+06 2.60507518e+06 2.83734415e+06
 3.17357680e+06 3.71361076e+06 4.60786776e+06 5.96475931e+06
 7.79461757e+06 1.01850127e+07 1.30833255e+07 1.64214431e+07
 2.02532235e+07 2.42157040e+07 2.82181114e+07 3.18032981e+07
 3.48582019e+07 3.70404525e+07 3.85369175e+07 0.00000000e+00
 0.00000000e+00 0.00000000e+00 2.78888383e+00 2.02864669e+01
 5.57633634e+01 1.42642703e+02 3.40705113e+02 7.63440616e+02
 1.66803981e+03 3.61888485e+03 7.50500376e+03 1.44234005e+04
 2.53324133e+04 4.07673633e+04 6.09615698e+04 8.56093745e+04
 1.13737138e+05 1.44080822e+05 1.75762260e+05 2.07978048e+05
 2.39461753e+05 2.68825205e+05 2.94566415e+05 3.15112908e+05
 3.29979710e+05 3.36100879e+05 1.78962100e-01]
Column 1 (Fold 2): 
[2.57681365e-06 2.60161901e-06 2.86229890e-06 3.49524686e-06
 6.32444387e-06 1.62852938e-05 4.26197236e-05 1.00492283e-04
 2.10850387e-04 3.96992495e-04 6.62768743e-04 1.00639902e-03
 1.42273038e-03 1.89269379e-03 2.42406883e-03 2.97704256e-03
 3.52303812e-03 4.15430913e-03 4.89285256e-03 5.71192194e-03
 6.58451740e-03 7.47955824e-03 8.42949837e-03 9.18162558e-03
 9.58900058e-03 9.80246788e-03 9.98071441e-03 1.99662055e-48
 1.97795858e-36 2.80309683e-33 1.17327341e-31 1.33296743e-30
 1.45585956e-29 2.57897497e-16 1.24502901e-08 5.43912468e-07
 1.97554777e-06 2.10205332e-06 3.45718981e-06 4.17987790e-06
 4.89876027e-06 6.03250921e-06 6.71487544e-06 7.71281746e-06
 9.96528417e-06 1.40351017e-05 1.87534642e-05 2.15523809e-05
 1.77725032e-05 1.10700238e-05 6.98113679e-06 5.98240074e-06
 8.03857856e-06 1.55278994e-05 1.98903187e-13 1.45240003e-10
 2.39426913e-08 5.63226688e-07 3.10209365e-06 6.64324795e-06
 8.83422658e-06 9.89681102e-06 9.97096463e-06 7.74324652e-06
 4.95774608e-06 2.61087000e-06 1.29680563e-06 7.46596833e-07
 4.94444102e-07 3.51674311e-07 2.61199355e-07 2.03219747e-07
 1.66907845e-07 1.42871199e-07 1.25114261e-07 1.11956533e-07
 1.02782118e-07 9.86031894e-08 9.95790399e-08 1.06733810e-07
 1.26921172e-07 2.10924633e+02 2.07944695e+02 2.05115507e+02
 2.03204784e+02 2.06103772e+02 2.12329817e+02 2.19299382e+02
 2.26348890e+02 2.33352039e+02 2.40105681e+02 2.46401637e+02
 2.52153555e+02 2.57207037e+02 2.61575645e+02 2.65446543e+02
 2.68951996e+02 2.72093136e+02 2.74765728e+02 2.76963041e+02
 2.78775116e+02 2.80398659e+02 2.81959850e+02 2.83501227e+02
 2.84935364e+02 2.86119192e+02 2.86867707e+02 2.87046277e+02
 4.78805278e+03 6.25615004e+03 8.06726288e+03 1.03500805e+04
 1.30603494e+04 1.61944127e+04 1.97232230e+04 2.36181577e+04
 2.78401230e+04 3.23377105e+04 3.70511232e+04 4.19785078e+04
 4.70365400e+04 5.21124420e+04 5.72512536e+04 6.23517142e+04
 6.72989145e+04 7.20972394e+04 7.66740332e+04 8.09510300e+04
 8.49437983e+04 8.85136468e+04 9.16490946e+04 9.42529147e+04
 9.63348759e+04 9.77633315e+04 9.86144363e+04 2.07846270e+04
 1.91533379e+04 1.76039570e+04 1.61343240e+04 1.47416307e+04
 1.34230525e+04 1.21768751e+04 1.10012039e+04 9.89431495e+03
 8.85470770e+03 7.88104473e+03 6.97198713e+03 6.12617252e+03
 5.34218664e+03 4.61854836e+03 3.95376191e+03 3.34629894e+03
 2.79465640e+03 2.29750295e+03 1.85381761e+03 1.46282067e+03
 1.12390793e+03 8.36771545e+02 6.01482480e+02 4.18667943e+02
 2.90324051e+02 2.20122534e+02 2.57179068e-01]
[2.77480154e-14 7.25973243e-14 3.99634524e-13 2.15710125e-12
 8.11907271e-12 7.61775265e-11 8.77316868e-10 6.92865621e-09
 3.75024285e-08 1.46188082e-07 3.94244487e-07 8.66497643e-07
 1.62353588e-06 2.62130562e-06 3.83192714e-06 4.99991907e-06
 6.21865064e-06 8.01241132e-06 1.03693004e-05 1.31320424e-05
 1.64074160e-05 2.06036189e-05 2.64319947e-05 3.14889456e-05
 3.38882152e-05 3.50739205e-05 3.62542223e-05 0.00000000e+00
 0.00000000e+00 0.00000000e+00 0.00000000e+00 0.00000000e+00
 0.00000000e+00 3.75468927e-24 3.77859683e-14 8.81399575e-12
 7.67332158e-11 1.05524206e-10 2.10047036e-10 2.74443979e-10
 3.28792625e-10 4.40183561e-10 5.82035529e-10 7.95968863e-10
 1.27540590e-09 2.26932659e-09 3.55040982e-09 4.36412766e-09
 3.36921887e-09 1.94898287e-09 1.31932279e-09 1.47840427e-09
 3.00631977e-09 1.02475319e-08 8.08985898e-20 7.53000365e-15
 6.63133983e-12 7.29001841e-11 3.89494832e-10 7.85358520e-10
 9.33067822e-10 1.00578451e-09 1.04125431e-09 7.02788016e-10
 3.35540989e-10 1.10604147e-10 3.62540093e-11 2.00711744e-11
 1.03744494e-11 4.94660958e-12 2.65516680e-12 1.73694133e-12
 1.30232159e-12 1.05309331e-12 8.92800996e-13 7.95007256e-13
 7.34063569e-13 6.97679020e-13 6.71116696e-13 6.55904608e-13
 7.00761126e-13 2.13386790e+01 2.83620543e+01 4.35373333e+01
 6.58895818e+01 4.11327685e+01 1.25161844e+01 1.04050676e+01
 3.03990896e+01 5.92444799e+01 8.44920290e+01 1.01262923e+02
 1.09040431e+02 1.10571059e+02 1.10489555e+02 1.11241419e+02
 1.15661026e+02 1.22910740e+02 1.29881594e+02 1.37074237e+02
 1.45675391e+02 1.56059349e+02 1.66116415e+02 1.76086646e+02
 1.87903449e+02 2.02713567e+02 2.17913355e+02 2.36656922e+02
 2.74458895e+04 5.11391869e+04 1.04446470e+05 2.32219429e+05
 4.84596804e+05 8.52038001e+05 1.28343711e+06 1.71290868e+06
 2.08304820e+06 2.37089800e+06 2.59898548e+06 2.83694575e+06
 3.17998519e+06 3.73075481e+06 4.63958852e+06 6.01537006e+06
 7.86646627e+06 1.02806323e+07 1.32050071e+07 1.65713281e+07
 2.04336800e+07 2.44266133e+07 2.84576052e+07 3.20684854e+07
 3.51439430e+07 3.73393052e+07 3.88460516e+07 0.00000000e+00
 0.00000000e+00 0.00000000e+00 2.78852050e+00 2.02838259e+01
 5.57561156e+01 1.42624190e+02 3.40661029e+02 7.63342522e+02
 1.66784615e+03 3.61855509e+03 7.50449371e+03 1.44226070e+04
 2.53310370e+04 4.07648391e+04 6.09571406e+04 8.56022800e+04
 1.13726811e+05 1.44066944e+05 1.75744678e+05 2.07956727e+05
 2.39436769e+05 2.68796829e+05 2.94535011e+05 3.15079095e+05
 3.29944182e+05 3.36064654e+05 1.78957540e-01]
Column 2 (Fold 3): 
[2.57624417e-06 2.63518962e-06 2.89651897e-06 3.45303626e-06
 6.10874990e-06 1.55841573e-05 4.06968263e-05 9.63215606e-05
 2.03028331e-04 3.83630474e-04 6.41942417e-04 9.76204501e-04
 1.38505832e-03 1.85015736e-03 2.37829987e-03 2.93198428e-03
 3.47851578e-03 4.10454085e-03 4.83929906e-03 5.66758178e-03
 6.55950044e-03 7.45604678e-03 8.39923982e-03 9.14080745e-03
 9.53804418e-03 9.74714783e-03 9.92401527e-03 1.99662055e-48
 1.97743583e-36 2.77796698e-33 1.12966357e-31 1.20766360e-30
 1.37158140e-29 6.74180056e-17 9.31091924e-09 4.86163312e-07
 1.98032251e-06 1.95459354e-06 3.30289112e-06 4.12495513e-06
 4.70857644e-06 5.83752371e-06 6.54974738e-06 7.57247660e-06
 9.79161750e-06 1.35560780e-05 1.83063195e-05 2.17505396e-05
 1.82183738e-05 1.15057343e-05 7.28412244e-06 6.18006434e-06
 8.00227775e-06 1.51112263e-05 1.90205669e-13 1.76123348e-11
 3.63317285e-09 4.56347725e-07 2.81027323e-06 6.24867365e-06
 8.56689415e-06 9.92690860e-06 1.01399493e-05 7.95634975e-06
 5.04643963e-06 2.67882494e-06 1.36120649e-06 7.67887962e-07
 4.84998710e-07 3.37028527e-07 2.48018883e-07 1.92976655e-07
 1.58879196e-07 1.36897214e-07 1.20784240e-07 1.08160744e-07
 9.91223812e-08 9.53464913e-08 9.73354165e-08 1.06106957e-07
 1.29474715e-07 2.11133547e+02 2.08196173e+02 2.05283974e+02
 2.03110768e+02 2.05783881e+02 2.11904507e+02 2.18832025e+02
 2.25867605e+02 2.32880523e+02 2.39680474e+02 2.46062736e+02
 2.51895024e+02 2.56993517e+02 2.61387014e+02 2.65269441e+02
 2.68775799e+02 2.71918997e+02 2.74600026e+02 2.76813755e+02
 2.78626741e+02 2.80219842e+02 2.81764338e+02 2.83299460e+02
 2.84734035e+02 2.85923111e+02 2.86679354e+02 2.86869370e+02
 4.77729102e+03 6.24018014e+03 8.04431959e+03 1.03196165e+04
 1.30248687e+04 1.61563056e+04 1.96845061e+04 2.35805320e+04
 2.78050745e+04 3.23061594e+04 3.70229293e+04 4.19528304e+04
 4.70127139e+04 5.20902050e+04 5.72305679e+04 6.23326867e+04
 6.72816635e+04 7.20817806e+04 7.66602240e+04 8.09386665e+04
 8.49330837e+04 8.85047996e+04 9.16421031e+04 9.42475601e+04
 9.63308676e+04 9.77602493e+04 9.86119222e+04 2.07846270e+04
 1.91533379e+04 1.76039570e+04 1.61343241e+04 1.47416309e+04
 1.34230529e+04 1.21768757e+04 1.10012048e+04 9.89431642e+03
 8.85470985e+03 7.88104785e+03 6.97199157e+03 6.12617865e+03
 5.34219474e+03 4.61855861e+03 3.95377437e+03 3.34631360e+03
 2.79467321e+03 2.29752182e+03 1.85383840e+03 1.46284324e+03
 1.12393207e+03 8.36797021e+02 6.01509043e+02 4.18695324e+02
 2.90352002e+02 2.20150715e+02 2.57213467e-01]
[2.58228359e-14 4.43303018e-14 2.72691586e-13 1.82903819e-12
 7.03350669e-12 6.52042963e-11 7.79840713e-10 6.31070084e-09
 3.46342450e-08 1.37232915e-07 3.74726719e-07 8.28320922e-07
 1.56834110e-06 2.55426245e-06 3.76644953e-06 4.94032763e-06
 6.12033730e-06 7.83541308e-06 1.01117080e-05 1.27999595e-05
 1.59888373e-05 2.00916076e-05 2.58289872e-05 3.07621135e-05
 3.30728443e-05 3.42362751e-05 3.54115482e-05 0.00000000e+00
 0.00000000e+00 0.00000000e+00 0.00000000e+00 0.00000000e+00
 0.00000000e+00 2.05706600e-25 2.43230771e-14 7.00404580e-12
 7.86463103e-11 8.71720567e-11 1.88758347e-10 2.68527885e-10
 3.05451916e-10 4.10512908e-10 5.52545141e-10 7.77687586e-10
 1.25533650e-09 2.16570933e-09 3.36987569e-09 4.27139280e-09
 3.35795539e-09 1.96754326e-09 1.32415473e-09 1.46109281e-09
 2.85165711e-09 9.47957603e-09 8.08083650e-20 7.03402934e-16
 2.49663130e-13 4.01399170e-11 3.15163278e-10 6.94580651e-10
 8.88565971e-10 1.08257432e-09 1.13107391e-09 7.57514792e-10
 3.52224497e-10 1.23102849e-10 4.13239134e-11 1.94228238e-11
 8.93467060e-12 4.22096358e-12 2.36129151e-12 1.58692416e-12
 1.20371159e-12 9.84946792e-13 8.39149915e-13 7.46237489e-13
 6.87208162e-13 6.52689435e-13 6.30695864e-13 6.23660329e-13
 6.92347199e-13 2.30598085e+01 2.70426942e+01 3.99543534e+01
 6.23053595e+01 3.83579359e+01 1.10883631e+01 1.07396797e+01
 3.20481024e+01 6.22265159e+01 8.79323946e+01 1.03806660e+02
 1.10893169e+02 1.12176551e+02 1.11771053e+02 1.12132176e+02
 1.15867432e+02 1.22640889e+02 1.29428519e+02 1.36363448e+02
 1.44642169e+02 1.55224148e+02 1.65773828e+02 1.76266457e+02
 1.88483187e+02 2.03304799e+02 2.18107387e+02 2.36054635e+02
 3.37343468e+04 6.15895005e+04 1.20348312e+05 2.55066674e+05
 5.16840947e+05 8.94863125e+05 1.33643451e+06 1.77436021e+06
 2.14973137e+06 2.43987592e+06 2.67136866e+06 2.91630901e+06
 3.26885536e+06 3.83093650e+06 4.75466136e+06 6.14855532e+06
 8.01983944e+06 1.04553742e+07 1.34005032e+07 1.67857227e+07
 2.06657918e+07 2.46745547e+07 2.87181116e+07 3.23387048e+07
 3.54215630e+07 3.76221861e+07 3.91324140e+07 0.00000000e+00
 0.00000000e+00 0.00000000e+00 2.78888859e+00 2.02865057e+01
 5.57634852e+01 1.42643080e+02 3.40706193e+02 7.63444170e+02
 1.66808109e+03 3.61913779e+03 7.50588975e+03 1.44255834e+04
 2.53365100e+04 4.07735890e+04 6.09696867e+04 8.56188798e+04
 1.13747535e+05 1.44091738e+05 1.75773498e+05 2.07989468e+05
 2.39473290e+05 2.68836808e+05 2.94578054e+05 3.15124693e+05
 3.29991613e+05 3.36112853e+05 1.78972972e-01]
