Cell-based model, cloud_cover, NARVAL data: 
Data averages: 
[2.1550986461680797e-07, 0.0003179909437663545, 0.20494434534944103, 1.7601325251891469, 4.624023183041591, 7.634752593004967, 7.877963393492734, 6.026238005391097, 4.042293056280528, 2.946792568479466, 2.101387672821594, 1.7675782392293635, 2.1766590964216017, 2.8161592789700483, 2.47919885427541, 1.8782150760406413, 2.1351389201590676, 2.9440564917508074, 4.2554113749291895, 6.605344153967043, 10.241251275624322, 13.48884868006931, 11.83712906244796, 5.067683309062877, 0.9863144777183074, 0.2948893494619048, 0.1406815435005333]
Prediction averages: 
[0.16266546363841275, 0.16819908825947966, 0.28404071638767797, 1.7454733382710943, 4.116234845894639, 6.307346305502854, 6.407424362428979, 5.2482243159116635, 3.591434472127648, 2.8797127733480328, 2.3177511087866183, 1.990611002203252, 2.4354316215449634, 3.3413559366130348, 3.051987465878377, 2.2743748605601617, 2.6255244250309033, 3.618871942286693, 5.114656943094772, 7.564941509960782, 11.157263710790247, 14.382061731157329, 12.625513816513939, 5.291507480625497, 1.3817322590445915, 0.722619107446904, 0.6778090363480779]
R2 profile: 
[-1124576.0792245641, -47.15886787918247, 0.7006413993243755, 0.834995507770343, 0.8229148890615138, 0.7888557759693426, 0.8339650064932933, 0.8785608296308476, 0.9034062365609872, 0.9135809926217202, 0.872792735085081, 0.8359834849190668, 0.8221052604470215, 0.8324587894633573, 0.838004983792474, 0.8020793620853119, 0.8125187593898806, 0.8288865702455845, 0.8413912259058357, 0.8317165195693093, 0.8095403702379066, 0.819421902668186, 0.9170130997957966, 0.9205767489173378, 0.799158163846923, 0.6215875528153658, -0.296922345001716]

Column-based model, cloud_cover, NARVAL data: 
Data averages: 
[2.15509865e-07 3.17990944e-04 2.04944345e-01 1.76013253e+00
 4.62402318e+00 7.63475259e+00 7.87796339e+00 6.02623801e+00
 4.04229306e+00 2.94679257e+00 2.10138767e+00 1.76757824e+00
 2.17665910e+00 2.81615928e+00 2.47919885e+00 1.87821508e+00
 2.13513892e+00 2.94405649e+00 4.25541137e+00 6.60534415e+00
 1.02412513e+01 1.34888487e+01 1.18371291e+01 5.06768331e+00
 9.86314478e-01 2.94889349e-01 1.40681544e-01]
Prediction averages: 
[ 0.02444168  0.05624033  0.2064427   1.7035321   4.30000182  6.87849927
  7.17853499  5.57876657  3.68520746  2.81814042  2.07810999  1.80171149
  2.26610888  2.84276878  2.4839172   2.08765414  2.29342369  3.11536366
  4.50045161  6.78102046 10.04520447 13.42508424 11.69959154  5.03369314
  1.06955052  0.35703613  0.16340925]
R2 profile: 
[-2.36716354e+05 -1.37006325e+01  6.71828823e-01  8.65802822e-01
  9.04245242e-01  9.12312530e-01  9.19583696e-01  9.25258257e-01
  9.30216824e-01  9.32270885e-01  9.23644137e-01  9.22954309e-01
  9.33631040e-01  9.50584797e-01  9.58523111e-01  9.62758589e-01
  9.71414087e-01  9.76248157e-01  9.78864297e-01  9.82238252e-01
  9.84103356e-01  9.82598340e-01  9.81849021e-01  9.77073358e-01
  9.41741403e-01  8.80257162e-01  8.07597949e-01]

Region-based model, cloud_cover, NARVAL data: 
Data averages: 
[1.57643722e-07 3.80205122e-04 1.90373392e-01 1.66860063e+00
 4.35270562e+00 7.10193139e+00 7.40068793e+00 5.75670895e+00
 3.94829721e+00 2.92820999e+00 2.13328143e+00 1.82488065e+00
 2.25190724e+00 2.88357297e+00 2.52726070e+00 1.91196653e+00
 2.17967213e+00 3.05882975e+00 4.47261455e+00 7.03737126e+00
 1.07696782e+01 1.37860859e+01 1.18595503e+01 5.09905173e+00
 1.10070823e+00 3.45253115e-01 1.59192271e-01]
Prediction averages: 
[7.61998817e-05 1.58819377e-01 1.82595487e-01 1.66015375e+00
 4.21849957e+00 6.80479444e+00 7.01842248e+00 5.64994128e+00
 3.79858858e+00 2.83013922e+00 2.18969924e+00 1.82288319e+00
 2.24077478e+00 2.97592295e+00 2.63050786e+00 2.03578815e+00
 2.32353529e+00 3.18623374e+00 4.66049142e+00 7.20718550e+00
 1.09319295e+01 1.38729346e+01 1.19319271e+01 5.00494379e+00
 1.17334530e+00 4.37987400e-01 2.46976477e-01]
R2 profile: 
[ -0.31028294 -23.4326389    0.86958123   0.90064633   0.9686688
   0.96736532   0.96060164   0.93692581   0.968535     0.97023302
   0.88730076   0.96410145   0.96707576   0.89511993   0.87492596
   0.82175117   0.84354826   0.88662722   0.91569971   0.94283679
   0.95922762   0.96809092   0.96274764   0.98396798   0.60670797
  -0.28246299  -2.27252264]

