100
0.3165736198425293
[-6.70066927e-03  5.48779514e-03  5.31691701e-02  1.73263384e+00
  8.26189680e+00  1.78890971e+01  2.02633631e+01  1.88770963e+01
  2.02855351e+01  2.18268311e+01  2.01937389e+01  1.58798361e+01
  1.25059776e+01  9.35228180e+00  8.50248286e+00  6.92911374e+00
  6.40444001e+00  8.19088908e+00  7.85823876e+00  7.04453152e+00
  6.73058294e+00  7.44807479e+00  7.19609977e+00  4.57910603e+00
  3.34694732e+00  4.34899836e+00  6.37688739e+00]

200
0.019499778747558594
[-7.96983839e-03  4.80805124e-04 -4.47983691e-02  7.26756270e-01
  6.11145171e+00  1.20233314e+01  1.40091897e+01  1.50375263e+01
  1.67760922e+01  1.73312869e+01  1.72076474e+01  1.45300381e+01
  1.22620570e+01  1.11234621e+01  1.16446906e+01  1.07375788e+01
  1.18131114e+01  1.13529007e+01  1.17944485e+01  1.38045435e+01
  1.40982311e+01  1.38675235e+01  1.14881254e+01  8.80543791e+00
  7.81629629e+00  7.24866641e+00  7.08663715e+00]

500
0.017678022384643555
[-4.86992798e-03  1.43115679e-03  6.22835729e-02  1.66514260e+00
  9.59536869e+00  1.60296906e+01  1.70178907e+01  1.65836501e+01
  1.72734143e+01  1.91784277e+01  1.83380204e+01  1.48003833e+01
  1.19120091e+01  9.72493117e+00  7.81195687e+00  6.59793149e+00
  6.82537627e+00  7.09331944e+00  7.92958404e+00  9.04130222e+00
  1.04818458e+01  1.07409894e+01  8.46654289e+00  5.85082590e+00
  5.50540421e+00  5.63191483e+00  6.46622323e+00]

1000
0.015428781509399414
[-4.92475658e-03 -1.97106724e-03 -1.74757975e-02  1.17609006e+00
  7.81096191e+00  1.43909348e+01  1.61677860e+01  1.50273148e+01
  1.59014772e+01  1.69887509e+01  1.64934768e+01  1.30415528e+01
  1.06480629e+01  9.23762214e+00  7.51287595e+00  7.45114403e+00
  7.27528076e+00  7.20805536e+00  8.18046644e+00  9.86160220e+00
  1.09822412e+01  1.09839236e+01  8.83855272e+00  6.41129637e+00
  5.59432267e+00  5.59550850e+00  6.80167090e+00]

5000
0.0207669734954834
[-5.44012342e-03 -1.20179941e-04 -8.59753148e-03  1.07414187e+00
  7.12579908e+00  1.36356139e+01  1.55943260e+01  1.55466515e+01
  1.64678945e+01  1.78294740e+01  1.73404792e+01  1.44502191e+01
  1.17417161e+01  9.91878935e+00  8.34327271e+00  8.08819498e+00
  7.87552419e+00  8.05749956e+00  9.04465972e+00  1.06490980e+01
  1.23000215e+01  1.21218363e+01  9.44825154e+00  6.77887089e+00
  5.76103134e+00  5.31868626e+00  6.32904016e+00]

10000
0.02454543113708496
[-5.17830591e-03  1.90582416e-04 -9.23705863e-03  1.05847578e+00
  7.02553155e+00  1.33878502e+01  1.53854405e+01  1.51045870e+01
  1.59627583e+01  1.71965229e+01  1.64804505e+01  1.32987426e+01
  1.07381136e+01  9.32747877e+00  8.02133501e+00  7.66608411e+00
  7.41292899e+00  7.83569079e+00  8.80585705e+00  1.05535987e+01
  1.23739637e+01  1.20100155e+01  9.19590681e+00  6.77433367e+00
  6.05899679e+00  5.64241257e+00  6.36318937e+00]

100000
0.1520674228668213
[-5.50625412e-03 -1.94744581e-04 -1.02830998e-02  9.75953315e-01
  6.80999678e+00  1.32295026e+01  1.51323753e+01  1.49329481e+01
  1.58721812e+01  1.72173116e+01  1.66736592e+01  1.36941876e+01
  1.12925865e+01  9.75425025e+00  8.31664882e+00  7.85457885e+00
  7.54275051e+00  7.96040923e+00  8.86734026e+00  1.05051555e+01
  1.21325451e+01  1.19634746e+01  9.00261683e+00  6.43186304e+00
  5.67198297e+00  5.42455291e+00  6.42646872e+00]

1000000
1.4904072284698486
[-5.57057974e-03 -1.18107170e-04 -1.04520819e-02  9.90513555e-01
  6.90104161e+00  1.33547206e+01  1.52789591e+01  1.50691905e+01
  1.60346382e+01  1.73512803e+01  1.67468250e+01  1.36874030e+01
  1.12444305e+01  9.73615896e+00  8.33504130e+00  7.85691095e+00
  7.56800806e+00  8.01385526e+00  8.91638823e+00  1.05617828e+01
  1.21740895e+01  1.20507614e+01  9.09691075e+00  6.51572672e+00
  5.74196661e+00  5.41552543e+00  6.37490017e+00]

